0.14514401670446897
1.0
1.0
1.0
0.07025992562408882
1.0
1.0
1.0
1.0
0.3542217025833882
1.0
1.0
1.0
0.0
1.0
0.15641194773456552
1.0
1.0
0.14793107068344108
1.0
0.0
1.0
1.0
1.0
1.0
0.5501936529729008
1.0
1.0
1.0
1.0
1.0
0.8594667939900563
1.0
1.0
1.0
1.0
1.0
1.0
0.3321686872341168
1.0
1.0
1.0
0.47070707460526623
0.012496372320835204
1.0
1.0
1.0
1.0
1.0
1.0
1.0
0.0
1.0
1.0
0.024112470401749263
1.0
1.0
1.0
0.951005163929947
0.800238617922874
1.0
1.0
1.0
1.0
1.0
1.0
0.4164937368542661
0.4744354439984169
0.4874926416410211
0.15897453094003966
0.49113414320695653
0.19909335174518877
0.08743282603723183
1.0
1.0
1.0
1.0
0.17197845345330612
1.0
1.0
1.0
1.0
1.0
1.0
1.0
1.0
1.0
0.9566405164522873
1.0
1.0
1.0
1.0
0.009458870427614818
1.0
0.24952711861167148
0.9727648283388153
1.0
0.031574558194139124
1.0
0.0011865670855257292
0.30632551014190007
1.0
1.0
0.11835718058421449
0.2588678530111262
0.27860248531060955
1.0
1.0
1.0
1.0
1.0
1.0
0.0985557232970142
1.0
1.0
1.0
1.0
0.8648678976513346
0.008723918104295285
1.0
0.5631874121615905
1.0
1.0
1.0
0.04573815673861664
0.01763727897680155
0.0385864521477536
1.0
1.0
1.0
1.0
1.0
1.0
0.005071299719760979
1.0
1.0
0.0024264560282665167
1.0
0.725802675121083
1.0
1.0
1.0
1.0
0.036832488208064416
1.0
0.0
0.02489428533668037
1.0
0.006239952085685459
0.0
1.0
1.0
1.0
1.0
1.0
1.0
1.0
0.0
1.0
1.0
1.0
1.0
1.0
1.0
1.0
1.0
1.0
1.0
1.0
0.17784702099685826
1.0
0.8759670243014092
1.0
1.0
1.0
0.23835444307178363
0.013375126261485471
1.0
1.0
1.0
1.0
1.0
0.0024974494374505308
1.0
0.7185524686478465
1.0
1.0
0.0
1.0
1.0
1.0
1.0
1.0
0.5631874121615905
0.9411251267693546
1.0
1.0
0.16764494826004508
1.0
1.0
1.0
1.0
0.01851855366683773
0.9188007298650919
1.0
1.0
1.0
0.0
1.0
1.0
0.14841585509872401
1.0
1.0
0.8247596721508771
1.0
1.0
1.0
1.0
1.0
1.0
0.0
1.0
0.4744354439984169
0.0
1.0
1.0
0.0035446403897841875
1.0
1.0
1.0
0.7594314049812251
0.17565812855721497
1.0
1.0
1.0
1.0
0.14140613935401067
1.0
1.0
1.0
1.0
0.17784702099685826
1.0
1.0
1.0
0.0
1.0
0.9856921786888093
1.0
1.0
1.0
0.7164480214270545
1.0
1.0
1.0
1.0
1.0
1.0
1.0
1.0
1.0
1.0
1.0
1.0
1.0
1.0
1.0
1.0
1.0
1.0
0.596611087089653
0.050158479434510454
0.5379633221745668
0.0037504005299057344
0.0
1.0
1.0
1.0
1.0
1.0
0.9566405164522873
0.6177101622108018
1.0
1.0
1.0
1.0
1.0
1.0
1.0
1.0
1.0
0.0981477203350002
0.8993764476220991
1.0
0.1720839696395758
0.13764163697766557
1.0
1.0
1.0
1.0
0.26961447785037856
1.0
1.0
1.0
1.0
1.0
0.008489802352863422
1.0
1.0
1.0
1.0
1.0
0.8832392057718437
0.001988167153254519
1.0
1.0
1.0
1.0
1.0
1.0
1.0
1.0
0.13177794490016703
0.08743282603723183
1.0
0.0
0.32387655488945594
1.0
0.0031788881601554735
1.0
0.09603350688305523
1.0
1.0
1.0
1.0
0.9411251267693546
1.0
1.0
1.0
1.0
0.0
1.0
1.0
1.0
1.0
1.0
1.0
0.4195392437435802
1.0
1.0
1.0
1.0
1.0
1.0
1.0
0.046989647770972816
1.0
0.3236448254976257
1.0
0.17928783665939974
1.0
1.0
1.0
1.0
1.0
0.0
1.0
0.09433730912695945
1.0
1.0
0.3162234965655703
1.0
1.0
1.0
1.0
0.2154253710396039
0.5954881470112031
1.0
1.0
0.0
1.0
1.0
0.009876923799945295
1.0
1.0
1.0
1.0
1.0
1.0
0.25678690092618145
0.0472093999229702
1.0
0.9634504036040341
1.0
0.5349267242940081
1.0
0.3162234965655703
1.0
0.012861364508296618
1.0
0.30632551014190007
1.0
0.4402138938634036
0.021060416911972257
1.0
0.3530557171419951
1.0
0.1237188495812127
1.0
1.0
1.0
1.0
1.0
1.0
1.0
1.0
0.11617968572131859
0.7674842173048559
1.0
1.0
1.0
1.0
1.0
1.0
1.0
1.0
0.19088576487954204
1.0
1.0
0.5501936529729008
0.10583046732521056
1.0
1.0
1.0
1.0
0.3162234965655703
0.0201541771426703
1.0
0.890763008392388
1.0
1.0
0.4714807009710828
1.0
1.0
1.0
0.8272249597122191
0.011112595668988862
1.0
1.0
1.0
1.0
1.0
1.0
1.0
0.0
1.0
1.0
0.004031232664115658
0.21058635884159313
1.0
0.011739618359006256
0.5089296209209012
1.0
1.0
1.0
1.0
1.0
1.0
1.0
1.0
0.5379633221745668
1.0
1.0
1.0
1.0
1.0
0.027177636734245954
1.0
0.010838396156439218
1.0
0.14678665740717314
1.0
1.0
1.0
1.0
1.0
1.0
1.0
1.0
1.0
0.890763008392388
1.0
0.19909335174518877
1.0
1.0
1.0
1.0
1.0
1.0
1.0
0.06392981381546124
1.0
1.0
0.34303485860386645
1.0
0.3375043335668274
1.0
1.0
1.0
1.0
1.0
1.0
1.0
1.0
1.0
1.0
1.0
1.0
1.0
1.0
1.0
0.005256982482903706
1.0
0.01941998817484051
1.0
0.26961447785037856
1.0
1.0
1.0
0.16077697897011714
1.0
0.0
0.0
0.4518443779690783
1.0
0.8759411094602793
1.0
0.9014724996206102
1.0
1.0
1.0
1.0
0.5709360175745817
1.0
1.0
1.0
1.0
1.0
0.854244092231362
1.0
1.0
1.0
0.4868629509898135
1.0
1.0
1.0
1.0
1.0
0.0
1.0
1.0
1.0
1.0
0.2308883480734862
1.0
0.005368645436950773
1.0
1.0
0.11490422858019103
1.0
1.0
0.8230251000715517
1.0
0.890763008392388
0.0
1.0
1.0
1.0
1.0
1.0
0.04622482450066344
0.30862896821236346
1.0
1.0
1.0
0.03905354911768391
1.0
0.1204358674230974
1.0
0.4402138938634036
1.0
0.9115615424890431
0.04497015340516684
0.21219571433021164
0.5379633221745668
1.0
1.0
0.016466465151152583
1.0
1.0
1.0
1.0
1.0
1.0
1.0
1.0
1.0
1.0
1.0
1.0
1.0
1.0
1.0
0.0
1.0
1.0
1.0
1.0
0.0
1.0
0.04793360170229114
1.0
1.0
1.0
1.0
1.0
1.0
0.9145094236409884
1.0
0.0
1.0
1.0
1.0
1.0
1.0
1.0
1.0
1.0
0.022154082761259845
1.0
1.0
0.1985893576383541
0.6656996272721372
0.6142559570816822
1.0
1.0
0.9411251267693546
1.0
0.1189470978975544
0.25678690092618145
1.0
0.0041521039560518756
1.0
1.0
1.0
0.0021344471348042245
1.0
1.0
1.0
1.0
1.0
1.0
1.0
1.0
1.0
1.0
1.0
1.0
1.0
1.0
0.0
1.0
1.0
1.0
0.008137232360492986
1.0
1.0
1.0
1.0
1.0
1.0
1.0
0.09403200638050961
1.0
1.0
1.0
1.0
1.0
1.0
0.01770684000190573
0.0032060335391404494
1.0
1.0
1.0
1.0
1.0
1.0
0.9390501247300471
1.0
1.0
0.0
1.0
1.0
1.0
0.433556058294311
0.005816866177901302
1.0
0.3443988989406241
0.0009619166143505116
1.0
1.0
1.0
1.0
1.0
1.0
1.0
0.6335112286333748
1.0
0.14841585509872401
1.0
1.0
1.0
1.0
1.0
1.0
1.0
1.0
1.0
1.0
0.05920255428733626
1.0
1.0
1.0
1.0
1.0
0.2711883609902339
1.0
1.0
0.0
1.0
1.0
0.05681632547709963
1.0
0.8960895001367873
1.0
1.0
1.0
0.0010361042177942192
1.0
1.0
1.0
1.0
0.1757212819161651
1.0
1.0
1.0
1.0
0.9510866526551742
1.0
1.0
0.14006763232875877
1.0
0.7122912266105408
1.0
1.0
0.09213481171001306
1.0
1.0
0.2256426526340012
1.0
1.0
1.0
0.21366493267121436
0.0
0.07322881960022705
1.0
1.0
1.0
1.0
1.0
1.0
1.0
0.012476857241848957
0.2572960564341142
0.940888583161772
0.9145094236409884
1.0
1.0
1.0
1.0
1.0
1.0
1.0
1.0
1.0
1.0
1.0
1.0
1.0
0.9206844410851833
1.0
1.0
1.0
0.0
1.0
1.0
0.010999329013309463
1.0
0.005331071568228832
0.0
1.0
0.002777983080894478
1.0
0.27604847585712383
0.005313322714873319
1.0
1.0
1.0
0.04793360170229114
1.0
1.0
1.0
1.0
1.0
0.34638856296445586
1.0
1.0
1.0
1.0
1.0
1.0
0.6406831752992169
1.0
1.0
1.0
1.0
1.0
1.0
1.0
1.0
1.0
1.0
1.0
1.0
1.0
1.0
1.0
1.0
1.0
1.0
0.7755123793980274
1.0
1.0
1.0
1.0
1.0
0.1757212819161651
1.0
1.0
1.0
1.0
1.0
1.0
1.0
1.0
0.15902836209627416
1.0
1.0
0.04738179051779614
1.0
1.0
1.0
1.0
1.0
1.0
0.2511249256990359
1.0
1.0
1.0
1.0
0.05448492511939644
0.5991363529748338
0.1478155951123927
1.0
1.0
1.0
1.0
1.0
0.6791452658421889
1.0
1.0
1.0
1.0
1.0
1.0
1.0
1.0
1.0
0.26728713994969927
0.4195392437435802
1.0
1.0
1.0
1.0
1.0
0.0012160636726311676
1.0
0.0
1.0
1.0
0.030164812552921753
1.0
1.0
1.0
0.0047274086337005744
1.0
1.0
1.0
1.0
1.0
1.0
1.0
1.0
1.0
0.021278663530479185
1.0
1.0
1.0
1.0
1.0
1.0
0.42116144492681146
1.0
1.0
1.0
1.0
0.0
0.0031788881601554735
0.009965488375149037
0.326000886592499
1.0
1.0
1.0
0.49124068982429575
0.16077697897011714
1.0
1.0
0.9390501247300471
1.0
0.0
1.0
1.0
1.0
0.06256762662864838
1.0
1.0
1.0
1.0
1.0
1.0
0.0
1.0
1.0
1.0
0.08919142323589688
1.0
0.30632551014190007
0.0018944341311393196
0.017278713906606385
1.0
1.0
1.0
1.0
1.0
1.0
1.0
0.006489035016995309
1.0
0.09200401567384131
0.18799670376486632
1.0
1.0
0.004291923282640017
1.0
0.03872237499870459
0.0
1.0
1.0
1.0
1.0
1.0
1.0
1.0
0.016104350139971566
1.0
1.0
1.0
1.0
1.0
0.06609859743950172
